6
5
6
6
6
10
6
14
5
2
4
6
5
6
1
2
7
6
10
9
7
8
10
6
8
6
8
7
8
13
14
10
5
7
5
9
10
11
5
6
6
5
6
5
5
8
9
13
15
5
7
7
8
8
5
7
5
6
5
6
8
0
1
25
24
32
14
17
14
18
15
14
11
13
11
18
19
18
16
0
4
17
16
13
10
1
13
10
0
0
0
1
1
3
16
0
0
12
6
2
1
1
1
15
1
1
8
0
5
20
2
0
2
2
6
1
3
7
2
2
8
22
0
4
2
12
2
4
3
7
2
13
1
1
1
1
1
3
6
1
8
2
1
11
2
0
17
0
0
13
12
14
14
13
9
18
14
12
7
11
9
14
10
9
8
14
10
12
10
11
6
6
14
9
9
14
7
12
0
0
0
0
12
7
16
4
10
4
11
12
3
6
10
17
23
4
15
18
15
10
10
24
7
3
30
7
5
6
13
11
9
0
0
0
0
7
6
5
5
6
9
10
8
0
0
6
5
8
5
5
8
0
