11
9
8
10
9
8
7
3
12
7
10
7
7
11
9
8
8
11
6
12
6
6
9
5
0
8
14
12
10
12
1
1
1
15
3
0
4
9
8
16
5
6
11
6
8
7
11
2
12
5
7
8
10
17
26
6
15
9
11
13
5
9
8
8
8
28
10
7
13
3
0
11
4
13
7
7
8
9
6
6
13
7
6
11
11
9
6
8
7
8
7
8
8
9
10
8
6
7
12
5
7
11
9
12
11
9
9
6
9
4
6
5
11
15
7
9
8
8
7
7
6
8
7
10
8
5
12
7
8
6
2
22
16
15
6
9
8
2
12
9
6
8
9
11
16
27
7
3
17
5
14
6
5
6
7
9
7
7
7
7
9
7
7
9
0
7
6
10
8
8
7
5
7
9
10
8
9
8
7
10
5
8
6
7
10
10
9
7
9
8
6
4
4
7
6
9
8
6
8
8
7
9
7
8
7
8
13
8
7
9
7
7
2
6
6
11
7
7
7
6
6
11
9
7
7
8
7
6
5
7
9
1
12
9
3
0
8
12
9
11
5
9
6
7
9
7
7
6
8
14
9
7
9
7
9
6
5
6
6
7
7
11
7
7
9
4
8
8
9
10
7
7
8
7
7
10
6
8
9
9
7
8
9
8
8
10
10
6
7
10
7
7
9
7
7
7
9
8
8
8
