13
6
8
9
8
6
6
5
10
7
9
6
15
14
9
9
9
11
8
12
11
7
4
1
1
9
29
11
7
15
3
3
1
14
11
1
9
12
9
16
6
8
12
9
7
10
17
6
12
7
9
9
11
17
27
4
15
9
19
12
3
8
11
8
3
29
9
9
13
1
1
13
0
14
8
9
14
11
8
0
9
11
7
12
11
9
5
7
6
5
7
8
0
7
7
10
0
0
11
5
6
11
9
11
11
6
10
6
9
6
7
5
9
12
8
6
9
8
6
7
7
7
10
9
9
5
14
7
8
6
3
10
14
13
4
8
8
4
11
11
6
9
7
9
14
19
7
5
14
8
14
9
10
5
7
8
8
7
8
7
6
8
6
9
8
12
6
7
8
8
7
5
5
7
9
8
11
7
7
6
6
7
8
7
7
6
8
7
8
7
7
6
8
8
7
9
6
5
7
8
8
10
7
8
0
0
10
0
0
0
0
0
0
0
0
0
0
0
0
0
0
0
0
0
0
0
0
7
0
0
0
0
0
0
0
0
0
0
0
0
0
0
0
0
0
0
0
0
7
0
0
0
0
7
0
0
0
0
0
8
0
10
0
0
0
0
0
7
7
19
7
0
0
0
0
0
7
0
10
0
0
0
0
0
0
0
0
0
15
9
8
0
0
0
0
0
7
8
7
7
