7
7
5
6
7
10
6
13
7
1
7
4
4
5
2
2
7
9
11
9
6
8
9
6
8
6
9
7
8
13
13
9
5
7
6
9
10
9
5
7
5
5
4
6
5
7
10
13
16
5
7
8
8
9
6
7
5
5
5
6
7
5
2
19
24
32
14
18
15
17
13
12
11
12
12
18
21
18
16
13
3
14
11
11
6
1
11
9
0
1
0
1
1
2
15
1
1
8
5
1
0
2
1
14
1
1
7
1
7
18
2
1
2
2
4
2
5
4
1
2
11
24
1
2
1
11
2
2
2
10
1
10
1
1
1
2
1
3
8
1
5
1
1
7
1
13
16
12
11
8
11
14
14
13
10
18
14
11
8
20
7
14
9
8
9
12
13
16
13
9
6
7
14
10
8
14
8
12
14
7
8
9
11
5
16
6
11
4
12
12
2
6
11
19
22
3
16
18
14
10
9
24
5
1
30
7
5
9
14
5
7
10
10
14
14
6
6
6
6
6
9
10
9
6
5
6
5
7
5
5
9
6
